     200     192
-0.813 0.813 -0.709 0.709 -1 1
   0.13201  -0.31255  -0.18255
   0.13520  -0.39553  -0.14081
   0.14484  -0.42757  -0.00007
   0.14921  -0.39553   0.14178
   0.13824  -0.30904   0.18452
   0.12585  -0.22552   0.12564
   0.12570  -0.19794   0.00005
   0.13053  -0.23052  -0.12466
   0.09190  -0.30923  -0.19342
   0.11128  -0.39950  -0.14830
   0.12528  -0.43376  -0.00347
   0.12385  -0.40090   0.14454
   0.10097  -0.30792   0.19635
   0.07594  -0.21684   0.13809
   0.06825  -0.18641   0.00427
   0.07532  -0.22007  -0.13061
  -0.00344  -0.30901  -0.23180
   0.05739  -0.41320  -0.17424
   0.08208  -0.45150  -0.01080
   0.06680  -0.41777   0.15923
   0.01146  -0.31261   0.23541
  -0.04812  -0.20655   0.17634
  -0.07393  -0.17039   0.01386
  -0.05990  -0.20600  -0.15466
  -0.11674  -0.32621  -0.30500
   0.00037  -0.43931  -0.22384
   0.04019  -0.48085  -0.01901
   0.00657  -0.44727   0.19547
  -0.09711  -0.33473   0.30742
  -0.20783  -0.21825   0.24172
  -0.25680  -0.17723   0.02385
  -0.22955  -0.21419  -0.20609
  -0.21148  -0.37507  -0.41910
  -0.03298  -0.48054  -0.30229
   0.02769  -0.52142  -0.02579
  -0.02831  -0.49054   0.26289
  -0.19202  -0.38564   0.41804
  -0.36468  -0.27552   0.33556
  -0.43820  -0.23498   0.02880
  -0.38804  -0.27052  -0.29422
  -0.25351  -0.47122  -0.56445
  -0.01350  -0.55100  -0.40756
   0.07461  -0.58448  -0.02761
  -0.00588  -0.56091   0.36561
  -0.23778  -0.48103   0.56048
  -0.47824  -0.39696   0.44283
  -0.57433  -0.36493   0.02541
  -0.49340  -0.39279  -0.40705
  -0.25025  -0.58937  -0.71689
   0.04945  -0.63710  -0.52339
   0.16760  -0.65872  -0.02481
   0.06406  -0.64517   0.48691
  -0.23841  -0.59734   0.71275
  -0.54711  -0.54684   0.54404
  -0.66212  -0.52705   0.01667
  -0.54959  -0.54337  -0.51985
  -0.22807  -0.68185  -0.85944
   0.12491  -0.69992  -0.63363
   0.27089  -0.70900  -0.02063
   0.14737  -0.70462   0.60520
  -0.22044  -0.68666   0.85627
  -0.59134  -0.66732   0.63387
  -0.72133  -0.65938   0.00646
  -0.57990  -0.66504  -0.62278
  -0.21349  -0.70055  -0.97468
   0.18192  -0.70055  -0.72214
   0.34936  -0.70055  -0.01811
   0.20995  -0.70055   0.69889
  -0.21031  -0.70055   0.97192
  -0.63097  -0.70055   0.70697
  -0.77228  -0.70055  -0.00140
  -0.60761  -0.70055  -0.70599
  -0.23241  -0.58553  -1.00000
   0.17667  -0.59063  -0.73881
   0.34996  -0.59009  -0.01798
   0.20675  -0.58713   0.71693
  -0.23114  -0.58590   1.00000
  -0.66910  -0.58457   0.72712
  -0.81300  -0.58134  -0.00076
  -0.64091  -0.58053  -0.72398
  -0.26466  -0.35755  -0.92186
   0.12113  -0.38962  -0.67549
   0.28261  -0.39725  -0.01849
   0.15047  -0.38557   0.65395
  -0.26257  -0.36543   0.92792
  -0.67736  -0.34302   0.68294
  -0.81209  -0.32550   0.00746
  -0.65094  -0.32752  -0.66637
  -0.26775  -0.08953  -0.79715
   0.06794  -0.16030  -0.57897
   0.20666  -0.18159  -0.01902
   0.09356  -0.15774   0.55693
  -0.26584  -0.10440   0.80799
  -0.62855  -0.04646   0.60637
  -0.74557  -0.01126   0.01641
  -0.60544  -0.02227  -0.57610
  -0.19933   0.14577  -0.68334
   0.06979   0.03450  -0.49607
   0.18133  -0.00369  -0.01930
   0.08848   0.03450   0.47282
  -0.20233   0.13206   0.69358
  -0.49549   0.23451   0.52934
  -0.58902   0.28389   0.01907
  -0.47213   0.25452  -0.49607
  -0.07497   0.30838  -0.61325
   0.11609   0.16477  -0.45190
   0.19823   0.10847  -0.02060
   0.12516   0.16266   0.42571
  -0.08789   0.30642   0.61784
  -0.29988   0.45233   0.47748
  -0.36552   0.50959   0.01412
  -0.27151   0.45309  -0.45318
   0.06030   0.40757  -0.56836
   0.16657   0.24695  -0.42802
   0.21402   0.17585  -0.02299
   0.16510   0.24412   0.39776
   0.03751   0.42151   0.56601
  -0.08572   0.59738   0.44284
  -0.11859   0.65692   0.00506
  -0.05272   0.57340  -0.43287
   0.20490   0.44446  -0.52990
   0.22939   0.28791  -0.40586
   0.23819   0.21210  -0.02422
   0.21813   0.28577   0.37302
   0.17613   0.47339   0.51993
   0.14080   0.65599   0.40705
   0.14270   0.70900  -0.00751
   0.17360   0.60928  -0.41591
   0.35757   0.41969  -0.47754
   0.31272   0.29452  -0.36688
   0.28542   0.23057  -0.02141
   0.29404   0.29452   0.33556
   0.33020   0.45845   0.45820
   0.37346   0.61454   0.35171
   0.40384   0.64940  -0.02189
   0.39682   0.55454  -0.38303
   0.50191   0.32299  -0.42109
   0.41661   0.24514  -0.31949
   0.36948   0.20032  -0.01327
   0.39896   0.23888   0.29574
   0.48724   0.35077   0.39114
   0.57963   0.45642   0.28622
   0.62095   0.47373  -0.03736
   0.58438   0.40737  -0.34305
   0.61104   0.16917  -0.37564
   0.51643   0.13734  -0.28063
   0.46738   0.10756  -0.00255
   0.50812   0.11404   0.26841
   0.61568   0.16498   0.33724
   0.72189   0.21684   0.23150
   0.75887   0.22653  -0.05198
   0.70652   0.20002  -0.31222
   0.66801  -0.00375  -0.33321
   0.58330   0.00688  -0.24453
   0.54202  -0.00864   0.00744
   0.58499  -0.03306   0.24438
   0.68888  -0.04117   0.29123
   0.78688  -0.04016   0.18642
   0.81300  -0.03537  -0.06166
   0.75674  -0.02259  -0.28248
   0.65581  -0.15701  -0.28964
   0.58836  -0.11051  -0.20540
   0.55755  -0.11122   0.01354
   0.59303  -0.15551   0.21445
   0.68071  -0.20995   0.25028
   0.76121  -0.25052   0.14986
   0.77703  -0.25389  -0.06104
   0.72851  -0.21552  -0.24577
   0.54451  -0.25468  -0.24918
   0.49468  -0.18492  -0.17137
   0.47320  -0.17241   0.01328
   0.49762  -0.21960   0.18288
   0.56356  -0.29969   0.21895
   0.62387  -0.36716   0.13021
   0.63374  -0.38029  -0.04784
   0.59883  -0.33540  -0.20652
   0.36769  -0.30008  -0.22035
   0.33470  -0.21999  -0.15183
   0.32186  -0.19668   0.00864
   0.33783  -0.23775   0.16014
   0.38066  -0.32685   0.20270
   0.41982  -0.40837   0.12948
   0.42618  -0.42958  -0.02908
   0.40405  -0.38708  -0.17589
   0.20399  -0.31292  -0.20303
   0.18359  -0.23032  -0.14292
   0.17717  -0.19904   0.00318
   0.18768  -0.23229   0.14640
   0.21226  -0.32125   0.19661
   0.23463  -0.40816   0.13692
   0.23915  -0.43555  -0.01236
   0.22667  -0.39799  -0.15598
   0.13197  -0.31281  -0.19720
   0.11651  -0.23052  -0.14081
   0.11267  -0.19602   0.00052
   0.12118  -0.22552   0.14178
   0.13837  -0.31279   0.19565
   0.15388  -0.40053   0.14178
   0.15778  -0.43048  -0.00509
   0.14921  -0.39553  -0.14888
     4     1     2    10     9
     4     2     3    11    10
     4     3     4    12    11
     4     4     5    13    12
     4     5     6    14    13
     4     6     7    15    14
     4     7     8    16    15
     4     8     1     9    16
     4     9    10    18    17
     4    10    11    19    18
     4    11    12    20    19
     4    12    13    21    20
     4    13    14    22    21
     4    14    15    23    22
     4    15    16    24    23
     4    16     9    17    24
     4    17    18    26    25
     4    18    19    27    26
     4    19    20    28    27
     4    20    21    29    28
     4    21    22    30    29
     4    22    23    31    30
     4    23    24    32    31
     4    24    17    25    32
     4    25    26    34    33
     4    26    27    35    34
     4    27    28    36    35
     4    28    29    37    36
     4    29    30    38    37
     4    30    31    39    38
     4    31    32    40    39
     4    32    25    33    40
     4    33    34    42    41
     4    34    35    43    42
     4    35    36    44    43
     4    36    37    45    44
     4    37    38    46    45
     4    38    39    47    46
     4    39    40    48    47
     4    40    33    41    48
     4    41    42    50    49
     4    42    43    51    50
     4    43    44    52    51
     4    44    45    53    52
     4    45    46    54    53
     4    46    47    55    54
     4    47    48    56    55
     4    48    41    49    56
     4    49    50    58    57
     4    50    51    59    58
     4    51    52    60    59
     4    52    53    61    60
     4    53    54    62    61
     4    54    55    63    62
     4    55    56    64    63
     4    56    49    57    64
     4    57    58    66    65
     4    58    59    67    66
     4    59    60    68    67
     4    60    61    69    68
     4    61    62    70    69
     4    62    63    71    70
     4    63    64    72    71
     4    64    57    65    72
     4    65    66    74    73
     4    66    67    75    74
     4    67    68    76    75
     4    68    69    77    76
     4    69    70    78    77
     4    70    71    79    78
     4    71    72    80    79
     4    72    65    73    80
     4    73    74    82    81
     4    74    75    83    82
     4    75    76    84    83
     4    76    77    85    84
     4    77    78    86    85
     4    78    79    87    86
     4    79    80    88    87
     4    80    73    81    88
     4    81    82    90    89
     4    82    83    91    90
     4    83    84    92    91
     4    84    85    93    92
     4    85    86    94    93
     4    86    87    95    94
     4    87    88    96    95
     4    88    81    89    96
     4    89    90    98    97
     4    90    91    99    98
     4    91    92   100    99
     4    92    93   101   100
     4    93    94   102   101
     4    94    95   103   102
     4    95    96   104   103
     4    96    89    97   104
     4    97    98   106   105
     4    98    99   107   106
     4    99   100   108   107
     4   100   101   109   108
     4   101   102   110   109
     4   102   103   111   110
     4   103   104   112   111
     4   104    97   105   112
     4   105   106   114   113
     4   106   107   115   114
     4   107   108   116   115
     4   108   109   117   116
     4   109   110   118   117
     4   110   111   119   118
     4   111   112   120   119
     4   112   105   113   120
     4   113   114   122   121
     4   114   115   123   122
     4   115   116   124   123
     4   116   117   125   124
     4   117   118   126   125
     4   118   119   127   126
     4   119   120   128   127
     4   120   113   121   128
     4   121   122   130   129
     4   122   123   131   130
     4   123   124   132   131
     4   124   125   133   132
     4   125   126   134   133
     4   126   127   135   134
     4   127   128   136   135
     4   128   121   129   136
     4   129   130   138   137
     4   130   131   139   138
     4   131   132   140   139
     4   132   133   141   140
     4   133   134   142   141
     4   134   135   143   142
     4   135   136   144   143
     4   136   129   137   144
     4   137   138   146   145
     4   138   139   147   146
     4   139   140   148   147
     4   140   141   149   148
     4   141   142   150   149
     4   142   143   151   150
     4   143   144   152   151
     4   144   137   145   152
     4   145   146   154   153
     4   146   147   155   154
     4   147   148   156   155
     4   148   149   157   156
     4   149   150   158   157
     4   150   151   159   158
     4   151   152   160   159
     4   152   145   153   160
     4   153   154   162   161
     4   154   155   163   162
     4   155   156   164   163
     4   156   157   165   164
     4   157   158   166   165
     4   158   159   167   166
     4   159   160   168   167
     4   160   153   161   168
     4   161   162   170   169
     4   162   163   171   170
     4   163   164   172   171
     4   164   165   173   172
     4   165   166   174   173
     4   166   167   175   174
     4   167   168   176   175
     4   168   161   169   176
     4   169   170   178   177
     4   170   171   179   178
     4   171   172   180   179
     4   172   173   181   180
     4   173   174   182   181
     4   174   175   183   182
     4   175   176   184   183
     4   176   169   177   184
     4   177   178   186   185
     4   178   179   187   186
     4   179   180   188   187
     4   180   181   189   188
     4   181   182   190   189
     4   182   183   191   190
     4   183   184   192   191
     4   184   177   185   192
     4   185   186   194   193
     4   186   187   195   194
     4   187   188   196   195
     4   188   189   197   196
     4   189   190   198   197
     4   190   191   199   198
     4   191   192   200   199
     4   192   185   193   200
